1,1,207.81,247.3,99.61000000000001,48.93000000000001,1,1,1.0
1,2,112.57,329.42,150.32999999999998,63.77999999999997,1,1,1.0
1,3,725.1,264.8,85.60000000000002,42.80000000000001,1,1,1.0
2,1,207.81,247.3,99.61000000000001,48.93000000000001,1,1,1.0
2,2,88.98,334.66,150.32999999999998,63.77999999999997,1,1,1.0
2,3,717.24,265.67,85.60000000000002,42.80000000000001,1,1,1.0
3,1,207.81,247.3,99.61000000000001,48.93000000000001,1,1,1.0
3,2,68.88,339.03,150.33,63.78000000000003,1,1,1.0
3,3,705.88,270.04,85.60000000000002,42.799999999999955,1,1,1.0
4,1,207.81,247.3,99.61000000000001,48.93000000000001,1,1,1.0
4,2,44.42,345.15,150.32,63.78000000000003,1,1,1.0
4,3,689.27,270.04,85.60000000000002,42.799999999999955,1,1,1.0
5,1,207.81,247.3,99.61000000000001,48.93000000000001,1,1,1.0
5,2,19.95,346.89,150.33,63.79000000000002,1,1,1.0
5,3,676.17,271.79,85.60000000000002,42.799999999999955,1,1,1.0
6,1,207.81,247.3,99.61000000000001,48.93000000000001,1,1,1.0
6,2,0.7,347.8,154.72,68.12,1,1,1.0
6,3,662.19,276.16,85.59999999999991,42.799999999999955,1,1,1.0
7,1,207.81,247.3,99.61000000000001,48.93000000000001,1,1,1.0
7,2,0.0,353.92,135.3,68.10999999999996,1,1,1.0
7,3,647.33,277.03,89.09999999999991,46.32000000000005,1,1,1.0
8,1,207.81,247.3,99.61000000000001,48.93000000000001,1,1,1.0
8,2,0.0,360.03,109.1,67.27000000000004,1,1,1.0
8,3,633.35,276.16,89.10000000000002,46.31999999999999,1,1,1.0
9,1,207.81,247.3,99.61000000000001,48.93000000000001,1,1,1.0
9,2,0.0,360.03,82.9,67.27000000000004,1,1,1.0
9,3,617.62,277.91,92.63999999999999,48.94,1,1,1.0
10,1,207.81,247.3,99.61000000000001,48.93000000000001,1,1,1.0
10,2,0.0,360.03,56.7,67.27000000000004,1,1,1.0
10,3,600.15,279.66,95.26999999999998,54.19,1,1,1.0
11,1,207.81,247.3,99.61000000000001,48.93000000000001,1,1,1.0
11,2,0.0,360.03,31.4,67.27000000000004,1,1,1.0
11,3,586.17,279.66,95.2700000000001,54.19,1,1,1.0
12,1,207.81,247.3,99.61000000000001,48.93000000000001,1,1,1.0
12,3,572.19,281.4,95.26999999999998,54.200000000000045,1,1,1.0
13,1,207.81,247.3,99.61000000000001,48.93000000000001,1,1,1.0
13,3,558.21,282.28,95.26999999999998,54.190000000000055,1,1,1.0
14,1,207.81,247.3,99.61000000000001,48.93000000000001,1,1,1.0
14,3,546.85,286.65,95.26999999999998,54.19,1,1,1.0
15,1,207.81,247.3,99.61000000000001,48.93000000000001,1,1,1.0
15,3,524.13,289.27,95.26999999999998,54.19,1,1,1.0
16,1,207.81,247.3,99.61000000000001,48.93000000000001,1,1,1.0
16,3,509.27,289.27,95.27999999999997,54.19,1,1,1.0
17,1,207.81,247.3,99.61000000000001,48.93000000000001,1,1,1.0
17,3,493.55,296.26,95.27000000000004,54.19,1,1,1.0
18,1,207.81,247.3,99.61000000000001,48.93000000000001,1,1,1.0
18,3,472.58,298.88,95.27000000000004,54.19,1,1,1.0
19,1,207.81,247.3,99.61000000000001,48.93000000000001,1,1,1.0
19,3,458.6,300.63,95.26999999999998,54.19,1,1,1.0
20,1,207.81,247.3,99.61000000000001,48.93000000000001,1,1,1.0
20,3,441.12,305.0,95.27999999999997,54.19,1,1,1.0
21,1,207.81,247.3,99.61000000000001,48.93000000000001,1,1,1.0
21,3,427.14,307.62,95.27999999999997,54.19,1,1,1.0
22,1,207.81,247.3,99.61000000000001,48.93000000000001,1,1,1.0
22,3,407.92,310.24,95.26999999999998,54.19,1,1,1.0
23,1,207.81,247.3,99.61000000000001,48.93000000000001,1,1,1.0
23,3,386.09,310.24,107.49000000000001,64.65999999999997,1,1,1.0
24,1,207.81,247.3,99.61000000000001,48.93000000000001,1,1,1.0
24,3,368.62,311.11,107.48000000000002,64.65999999999997,1,1,1.0
25,1,207.81,247.3,99.61000000000001,48.93000000000001,1,1,1.0
25,3,345.92,316.35,113.57999999999998,68.14999999999998,1,1,1.0
26,1,207.81,247.3,99.61000000000001,48.93000000000001,1,1,1.0
26,3,328.45,318.98,113.57999999999998,68.13999999999999,1,1,1.0
27,1,207.81,247.3,99.61000000000001,48.93000000000001,1,1,1.0
27,3,306.6,320.72,113.57999999999998,68.14999999999998,1,1,1.0
28,1,207.81,247.3,99.61000000000001,48.93000000000001,1,1,1.0
28,3,286.5,324.22,117.02999999999997,72.55999999999995,1,1,1.0
29,1,207.81,247.3,99.61000000000001,48.93000000000001,1,1,1.0
29,3,267.28,327.71,117.03000000000003,72.56,1,1,1.0
30,1,207.81,247.3,99.61000000000001,48.93000000000001,1,1,1.0
30,3,236.65,332.96,135.4,72.56,1,1,1.0
31,1,207.81,247.3,99.61000000000001,48.93000000000001,1,1,1.0
31,3,214.81,336.45,135.39999999999998,72.56,1,1,1.0
32,1,207.81,247.3,99.61000000000001,48.93000000000001,1,1,1.0
32,3,197.33,339.95,135.4,72.56,1,1,1.0
33,1,207.81,247.3,99.61000000000001,48.93000000000001,1,1,1.0
33,3,172.87,341.69,135.39999999999998,72.56,1,1,1.0
34,1,207.81,247.3,99.61000000000001,48.93000000000001,1,1,1.0
34,3,145.83,349.56,144.1,77.81,1,1,1.0
35,1,207.81,247.3,99.61000000000001,48.93000000000001,1,1,1.0
35,3,122.23,350.43,144.09999999999997,77.82,1,1,1.0
36,1,207.81,247.3,99.61000000000001,48.93000000000001,1,1,1.0
36,3,101.26,357.42,144.10000000000002,77.82,1,1,1.0
37,1,207.81,247.3,99.61000000000001,48.93000000000001,1,1,1.0
37,3,72.4,360.92,157.2,78.68,1,1,1.0
38,1,207.81,247.3,99.61000000000001,48.93000000000001,1,1,1.0
38,3,42.69,360.92,157.2,82.18,1,1,1.0
39,1,207.81,247.3,99.61000000000001,48.93000000000001,1,1,1.0
39,3,14.7,369.65,171.20000000000002,86.55000000000001,1,1,1.0
40,1,207.81,247.3,99.61000000000001,48.93000000000001,1,1,1.0
40,3,0.0,374.02,153.5,80.48000000000002,1,1,1.0
41,1,207.81,247.3,99.61000000000001,48.93000000000001,1,1,1.0
41,3,0.0,374.02,129.0,86.58000000000004,1,1,1.0
42,1,207.81,247.3,99.61000000000001,48.93000000000001,1,1,1.0
42,3,0.0,374.02,102.8,91.78000000000003,1,1,1.0
43,1,207.81,247.3,99.61000000000001,48.93000000000001,1,1,1.0
43,3,0.0,373.15,84.5,93.55000000000001,1,1,1.0
44,1,207.81,247.3,99.61000000000001,48.93000000000001,1,1,1.0
44,3,0.0,390.6,54.8,80.5,1,1,1.0
45,1,207.81,247.3,99.61000000000001,48.93000000000001,1,1,1.0
45,3,0.0,399.3,31.2,68.30000000000001,1,1,1.0
46,1,207.81,247.3,99.61000000000001,48.93000000000001,1,1,1.0
47,1,207.81,247.3,99.61000000000001,48.93000000000001,1,1,1.0
48,1,207.81,247.3,99.61000000000001,48.93000000000001,1,1,1.0
49,1,207.81,247.3,99.61000000000001,48.93000000000001,1,1,1.0
50,1,207.81,247.3,99.61000000000001,48.93000000000001,1,1,1.0
51,1,207.81,247.3,99.61000000000001,48.93000000000001,1,1,1.0
52,1,207.81,247.3,99.61000000000001,48.93000000000001,1,1,1.0
53,1,207.81,247.3,99.61000000000001,48.93000000000001,1,1,1.0
53,4,939.16,221.96,20.840000000000032,73.4,1,1,1.0
54,1,207.81,247.3,99.61000000000001,48.93000000000001,1,1,1.0
54,4,932.2,221.96,27.799999999999955,73.4,1,1,1.0
55,1,207.81,247.3,99.61000000000001,48.93000000000001,1,1,1.0
55,4,922.6,221.96,37.39999999999998,73.4,1,1,1.0
56,1,207.81,247.3,99.61000000000001,48.93000000000001,1,1,1.0
56,4,908.6,221.96,51.39999999999998,73.4,1,1,1.0
57,1,207.81,247.3,99.61000000000001,48.93000000000001,1,1,1.0
57,4,918.2,221.96,41.799999999999955,83.84,1,1,1.0
58,1,207.81,247.3,99.61000000000001,48.93000000000001,1,1,1.0
58,4,913.0,221.96,47.0,85.53999999999999,1,1,1.0
59,1,207.81,247.3,99.61000000000001,48.93000000000001,1,1,1.0
59,4,906.9,221.96,53.10000000000002,86.43999999999997,1,1,1.0
60,1,207.81,247.3,99.61000000000001,48.93000000000001,1,1,1.0
60,4,901.7,221.96,58.299999999999955,86.43999999999997,1,1,1.0
61,1,207.81,247.3,99.61000000000001,48.93000000000001,1,1,1.0
61,4,894.7,221.96,65.29999999999995,88.14000000000001,1,1,1.0
62,1,207.81,247.3,99.61000000000001,48.93000000000001,1,1,1.0
62,4,886.0,221.96,74.0,91.64000000000001,1,1,1.0
63,1,207.81,247.3,99.61000000000001,48.93000000000001,1,1,1.0
63,4,876.4,221.96,83.60000000000002,95.14000000000001,1,1,1.0
64,1,207.81,247.3,99.61000000000001,48.93000000000001,1,1,1.0
64,4,865.9,221.96,94.10000000000002,100.34,1,1,1.0
65,1,207.81,247.3,99.61000000000001,48.93000000000001,1,1,1.0
65,4,858.0,221.96,102.0,103.84,1,1,1.0
66,1,207.81,247.3,99.61000000000001,48.93000000000001,1,1,1.0
66,4,854.5,221.96,105.5,104.14000000000001,1,1,1.0
67,1,207.81,247.3,99.61000000000001,48.93000000000001,1,1,1.0
67,4,851.0,221.96,109.0,104.43999999999997,1,1,1.0
68,1,207.81,247.3,99.61000000000001,48.93000000000001,1,1,1.0
68,4,847.5,221.96,112.5,104.73999999999998,1,1,1.0
69,1,207.81,247.3,99.61000000000001,48.93000000000001,1,1,1.0
69,4,844.0,221.96,116.0,105.59,1,1,1.0
70,1,207.81,247.3,99.61000000000001,48.93000000000001,1,1,1.0
70,4,840.5,221.96,119.5,106.43999999999997,1,1,1.0
71,1,207.81,247.3,99.61000000000001,48.93000000000001,1,1,1.0
71,4,833.5,221.96,126.5,109.03999999999999,1,1,1.0
72,1,207.81,247.3,99.61000000000001,48.93000000000001,1,1,1.0
72,4,826.5,221.96,133.5,110.73999999999998,1,1,1.0
73,1,207.81,247.3,99.61000000000001,48.93000000000001,1,1,1.0
73,4,816.9,221.96,143.10000000000002,115.14000000000001,1,1,1.0
74,1,207.81,247.3,99.61000000000001,48.93000000000001,1,1,1.0
74,4,804.7,221.96,155.29999999999995,117.73999999999998,1,1,1.0
75,1,207.81,247.3,99.61000000000001,48.93000000000001,1,1,1.0
75,4,800.3,221.96,159.70000000000005,116.84,1,1,1.0
76,1,207.81,247.3,99.61000000000001,48.93000000000001,1,1,1.0
76,4,791.6,221.96,168.39999999999998,118.53999999999999,1,1,1.0
77,1,207.81,247.3,99.61000000000001,48.93000000000001,1,1,1.0
77,4,786.4,221.96,173.60000000000002,120.23999999999998,1,1,1.0
78,1,207.81,247.3,99.61000000000001,48.93000000000001,1,1,1.0
78,4,775.0,221.96,185.0,121.93999999999997,1,1,1.0
79,1,207.81,247.3,99.61000000000001,48.93000000000001,1,1,1.0
79,4,768.0,221.96,192.0,121.93999999999997,1,1,1.0
80,1,207.81,247.3,99.61000000000001,48.93000000000001,1,1,1.0
80,4,757.5,221.96,202.5,125.43999999999997,1,1,1.0
81,1,207.81,247.3,99.61000000000001,48.93000000000001,1,1,1.0
81,4,763.6,228.1,184.19999999999993,106.20000000000002,1,1,1.0
82,1,207.81,247.3,99.61000000000001,48.93000000000001,1,1,1.0
82,4,756.6,228.1,191.19999999999993,109.70000000000002,1,1,1.0
83,1,207.81,247.3,99.61000000000001,48.93000000000001,1,1,1.0
83,4,745.2,228.1,202.5999999999999,116.70000000000002,1,1,1.0
84,1,207.81,247.3,99.61000000000001,48.93000000000001,1,1,1.0
84,4,733.0,228.1,199.89999999999998,114.9,1,1,1.0
85,1,207.81,247.3,99.61000000000001,48.93000000000001,1,1,1.0
85,4,729.5,228.1,203.39999999999998,118.4,1,1,1.0
86,1,207.81,247.3,99.61000000000001,48.93000000000001,1,1,1.0
86,4,708.5,228.1,224.39999999999998,129.79999999999998,1,1,1.0
87,1,207.81,247.3,99.61000000000001,48.93000000000001,1,1,1.0
87,4,710.2,233.3,202.89999999999998,124.59999999999997,1,1,1.0
88,1,207.81,247.3,99.61000000000001,48.93000000000001,1,1,1.0
88,4,701.8,243.0,203.80000000000007,109.60000000000002,1,1,1.0
89,1,207.81,247.3,99.61000000000001,48.93000000000001,1,1,1.0
89,4,693.8,243.0,211.80000000000007,109.60000000000002,1,1,1.0
90,1,207.81,247.3,99.61000000000001,48.93000000000001,1,1,1.0
90,4,682.0,243.0,223.60000000000002,114.69999999999999,1,1,1.0
90,5,651.45,262.38,68.62,40.44999999999999,1,1,1.0
91,1,207.81,247.3,99.61000000000001,48.93000000000001,1,1,1.0
91,4,666.64,240.95,223.60000000000002,114.69999999999999,1,1,1.0
91,5,637.63,261.35,68.62,40.45999999999998,1,1,1.0
92,1,207.81,247.3,99.61000000000001,48.93000000000001,1,1,1.0
92,4,655.88,241.98,223.60000000000002,114.70000000000002,1,1,1.0
92,5,625.85,260.33,68.62,40.460000000000036,1,1,1.0
93,1,207.81,247.3,99.61000000000001,48.93000000000001,1,1,1.0
93,4,649.2,241.98,221.5999999999999,119.32000000000002,1,1,1.0
93,5,613.05,262.38,68.62,40.44999999999999,1,1,1.0
94,1,207.81,247.3,99.61000000000001,48.93000000000001,1,1,1.0
94,4,636.9,241.98,223.20000000000005,119.32000000000002,1,1,1.0
94,5,600.76,262.38,82.94000000000005,45.01999999999998,1,1,1.0
95,1,207.81,247.3,99.61000000000001,48.93000000000001,1,1,1.0
95,4,623.1,243.5,229.79999999999995,126.0,1,1,1.0
95,5,587.44,261.36,82.94999999999993,45.01999999999998,1,1,1.0
96,1,207.81,247.3,99.61000000000001,48.93000000000001,1,1,1.0
96,4,614.91,244.01,229.80000000000007,126.0,1,1,1.0
96,5,572.57,259.82,90.13,49.160000000000025,1,1,1.0
97,1,207.81,247.3,99.61000000000001,48.93000000000001,1,1,1.0
97,4,608.25,248.62,229.79999999999995,126.0,1,1,1.0
97,5,560.79,258.79,90.13999999999999,49.15999999999997,1,1,1.0
98,1,207.81,247.3,99.61000000000001,48.93000000000001,1,1,1.0
98,4,593.4,249.65,240.0,125.99999999999997,1,1,1.0
98,5,550.04,258.28,90.13,49.160000000000025,1,1,1.0
99,1,207.81,247.3,99.61000000000001,48.93000000000001,1,1,1.0
99,4,580.6,249.65,244.10000000000002,125.99999999999997,1,1,1.0
99,5,539.29,259.82,90.13,49.160000000000025,1,1,1.0
100,1,207.81,247.3,99.61000000000001,48.93000000000001,1,1,1.0
100,4,565.7,249.65,253.39999999999998,133.65,1,1,1.0
100,5,522.4,258.28,101.39999999999998,52.72000000000003,1,1,1.0
101,1,207.81,247.3,99.61000000000001,48.93000000000001,1,1,1.0
101,4,547.11,250.53,258.68999999999994,138.57000000000002,1,1,1.0
101,5,509.57,257.84,101.40000000000003,52.72000000000003,1,1,1.0
102,1,207.81,247.3,99.61000000000001,48.93000000000001,1,1,1.0
102,4,528.47,248.32,272.9,138.57,1,1,1.0
102,5,497.62,258.72,101.39999999999998,52.71999999999997,1,1,1.0
103,1,207.81,247.3,99.61000000000001,48.93000000000001,1,1,1.0
103,4,516.53,250.97,275.97,143.42999999999998,1,1,1.0
103,5,483.01,258.28,101.39999999999998,52.72000000000003,1,1,1.0
104,1,207.81,247.3,99.61000000000001,48.93000000000001,1,1,1.0
104,4,501.5,250.97,286.6,143.42999999999998,1,1,1.0
104,5,469.29,260.05,101.40000000000003,52.71999999999997,1,1,1.0
105,1,207.81,247.3,99.61000000000001,48.93000000000001,1,1,1.0
105,4,488.67,251.86,286.59999999999997,143.41999999999996,1,1,1.0
105,5,455.57,260.5,101.40000000000003,52.70999999999998,1,1,1.0
106,1,207.81,247.3,99.61000000000001,48.93000000000001,1,1,1.0
106,4,472.73,254.51,286.6,143.43,1,1,1.0
106,5,440.52,261.38,101.39999999999998,52.72000000000003,1,1,1.0
107,1,207.81,247.3,99.61000000000001,48.93000000000001,1,1,1.0
107,4,457.24,261.15,294.99,144.73000000000002,1,1,1.0
107,5,426.36,262.26,101.39999999999998,52.72000000000003,1,1,1.0
108,1,207.81,247.3,99.61000000000001,48.93000000000001,1,1,1.0
108,4,441.75,261.6,303.35,144.71999999999997,1,1,1.0
108,5,410.9,263.59,104.90999999999997,52.72000000000003,1,1,1.0
108,6,928.55,208.39,31.450000000000045,67.71000000000004,1,1,1.0
109,1,207.81,247.3,99.61000000000001,48.93000000000001,1,1,1.0
109,4,424.49,260.27,311.30999999999995,157.73000000000002,1,1,1.0
109,5,397.62,264.04,111.07999999999998,54.06,1,1,1.0
109,6,923.7,208.38,36.299999999999955,67.72000000000003,1,1,1.0
110,1,207.81,247.3,99.61000000000001,48.93000000000001,1,1,1.0
110,4,414.21,266.44,311.31,157.73000000000002,1,1,1.0
110,5,377.7,264.04,131.0,54.06,1,1,1.0
110,6,912.6,208.38,47.39999999999998,67.72000000000003,1,1,1.0
111,1,207.81,247.3,99.61000000000001,48.93000000000001,1,1,1.0
111,4,390.21,267.12,330.49000000000007,163.88,1,1,1.0
111,5,366.0,264.04,122.10000000000002,54.06,1,1,1.0
111,6,908.6,208.38,51.39999999999998,67.72000000000003,1,1,1.0
112,1,207.81,247.3,99.61000000000001,48.93000000000001,1,1,1.0
112,4,374.45,267.12,330.47999999999996,163.88,1,1,1.0
112,5,352.98,264.04,122.09999999999997,54.06,1,1,1.0
112,6,906.15,208.38,53.85000000000002,67.72000000000003,1,1,1.0
113,1,207.81,247.3,99.61000000000001,48.93000000000001,1,1,1.0
113,4,353.2,269.18,346.2,168.71999999999997,1,1,1.0
113,5,337.89,265.41,122.10000000000002,54.06,1,1,1.0
113,6,903.7,208.38,56.299999999999955,67.72000000000003,1,1,1.0
114,1,207.81,247.3,99.61000000000001,48.93000000000001,1,1,1.0
114,4,336.74,267.8,357.86,180.38,1,1,1.0
114,5,321.44,268.83,122.10000000000002,54.06999999999999,1,1,1.0
114,6,900.2,208.38,59.799999999999955,67.72000000000003,1,1,1.0
115,1,207.81,247.3,99.61000000000001,48.93000000000001,1,1,1.0
115,4,314.8,269.86,360.59999999999997,181.74,1,1,1.0
115,5,306.36,270.2,122.09999999999997,54.06999999999999,1,1,1.0
115,6,897.1,208.38,62.89999999999998,67.72000000000003,1,1,1.0
116,1,207.81,247.3,99.61000000000001,48.93000000000001,1,1,1.0
116,4,296.98,267.8,371.52,181.74,1,1,1.0
116,5,291.96,271.58,122.10000000000002,54.06,1,1,1.0
116,6,890.9,208.38,69.10000000000002,67.72000000000003,1,1,1.0
117,1,207.81,247.3,99.61000000000001,48.93000000000001,1,1,1.0
117,4,275.6,267.8,381.0,181.74,1,1,1.0
117,5,277.36,272.02,122.09999999999997,54.06,1,1,1.0
117,7,516.7,257.71,113.74000000000001,49.79000000000002,1,1,1.0
117,6,886.0,208.38,74.0,67.72000000000003,1,1,1.0
118,1,207.81,247.3,99.61000000000001,48.93000000000001,1,1,1.0
118,4,257.23,283.8,381.0,181.74,1,1,1.0
118,5,261.96,272.61,122.10000000000002,54.06,1,1,1.0
118,7,503.67,258.89,113.72999999999996,49.80000000000001,1,1,1.0
118,6,882.0,208.38,78.0,67.72000000000003,1,1,1.0
119,1,207.81,247.3,99.61000000000001,48.93000000000001,1,1,1.0
119,4,240.05,286.76,380.99999999999994,181.74,1,1,1.0
119,5,247.9,273.29,122.1,54.06999999999999,1,1,1.0
119,7,489.95,257.52,113.74000000000007,49.79000000000002,1,1,1.0
119,6,875.4,208.38,84.60000000000002,67.72000000000003,1,1,1.0
120,1,207.81,247.3,99.61000000000001,48.93000000000001,1,1,1.0
120,4,215.4,286.8,404.30000000000007,190.59999999999997,1,1,1.0
120,5,233.85,273.98,122.1,54.06999999999999,1,1,1.0
120,7,476.24,257.52,113.74000000000001,49.79000000000002,1,1,1.0
120,6,871.0,208.38,89.0,70.82,1,1,1.0
121,1,207.81,247.3,99.61000000000001,48.93000000000001,1,1,1.0
121,4,192.78,285.43,409.12,190.59999999999997,1,1,1.0
121,5,217.4,273.98,122.1,54.06999999999999,1,1,1.0
121,7,459.79,256.83,113.73999999999995,49.80000000000001,1,1,1.0
121,6,864.4,208.38,95.60000000000002,73.51999999999998,1,1,1.0
122,1,207.81,247.3,99.61000000000001,48.93000000000001,1,1,1.0
122,4,168.79,290.2,429.71000000000004,200.22000000000003,1,1,1.0
122,5,199.57,276.04,122.10000000000002,54.06,1,1,1.0
122,7,448.82,256.83,113.73999999999995,49.80000000000001,1,1,1.0
122,6,857.8,208.38,102.20000000000005,76.62,1,1,1.0
123,1,207.81,247.3,99.61000000000001,48.93000000000001,1,1,1.0
123,4,145.48,299.11,425.59000000000003,200.22999999999996,1,1,1.0
123,5,183.8,277.41,122.09999999999997,54.06,1,1,1.0
123,7,437.17,258.21,121.93,49.79000000000002,1,1,1.0
123,6,853.8,209.7,97.30000000000007,76.19999999999999,1,1,1.0
124,1,207.81,247.3,99.61000000000001,48.93000000000001,1,1,1.0
124,4,111.89,293.63,448.9,205.68,1,1,1.0
124,5,167.35,282.21,122.1,54.06,1,1,1.0
124,7,413.17,259.58,127.44,53.94999999999999,1,1,1.0
124,6,848.05,211.03,97.30000000000007,76.20000000000002,1,1,1.0
125,1,207.81,247.3,99.61000000000001,48.93000000000001,1,1,1.0
125,4,89.27,295.68,461.9,205.69,1,1,1.0
125,5,147.47,281.52,130.29999999999998,60.950000000000045,1,1,1.0
125,7,398.78,260.26,127.44000000000005,53.94999999999999,1,1,1.0
125,6,841.41,211.03,97.30000000000007,76.20000000000002,1,1,1.0
126,1,207.81,247.3,99.61000000000001,48.93000000000001,1,1,1.0
126,4,68.7,297.7,474.90000000000003,216.01000000000005,1,1,1.0
126,5,126.91,275.35,134.45000000000002,64.41999999999996,1,1,1.0
126,7,389.87,260.95,127.43999999999994,53.94999999999999,1,1,1.0
126,6,835.21,212.8,97.29999999999995,76.19999999999999,1,1,1.0
127,1,207.81,247.3,99.61000000000001,48.93000000000001,1,1,1.0
127,4,35.11,303.87,492.68999999999994,216.01,1,1,1.0
127,5,111.83,275.35,134.45,64.41999999999996,1,1,1.0
127,7,372.04,261.63,127.44,53.95999999999998,1,1,1.0
127,6,829.9,212.8,97.30000000000007,76.19999999999999,1,1,1.0
128,1,207.81,247.3,99.61000000000001,48.93000000000001,1,1,1.0
128,4,2.2,305.2,518.0,226.3,1,1,1.0
128,5,95.37,278.09,134.45,64.42000000000002,1,1,1.0
128,7,359.7,262.32,127.44,53.94999999999999,1,1,1.0
128,6,825.03,212.8,97.30000000000007,76.19999999999999,1,1,1.0
129,1,207.81,247.3,99.61000000000001,48.93000000000001,1,1,1.0
129,4,2.2,306.6,494.0,224.89999999999998,1,1,1.0
129,5,76.18,278.09,134.45,64.42000000000002,1,1,1.0
129,7,347.36,263.69,127.44,53.94999999999999,1,1,1.0
129,6,818.84,211.91,97.29999999999995,76.20000000000002,1,1,1.0
130,1,207.81,247.3,99.61000000000001,48.93000000000001,1,1,1.0
130,4,2.2,308.0,476.2,223.5,1,1,1.0
130,5,53.55,284.95,134.45999999999998,64.42000000000002,1,1,1.0
130,7,330.91,264.38,127.44,53.94999999999999,1,1,1.0
130,6,815.29,211.91,97.31000000000006,76.20000000000002,1,1,1.0
131,1,207.81,247.3,99.61000000000001,48.93000000000001,1,1,1.0
131,4,2.2,303.9,464.5,227.60000000000002,1,1,1.0
131,5,41.21,287.69,134.45999999999998,64.42000000000002,1,1,1.0
131,7,314.46,265.75,127.44,53.94999999999999,1,1,1.0
131,6,808.21,211.91,97.29999999999995,76.20000000000002,1,1,1.0
132,1,207.81,247.3,99.61000000000001,48.93000000000001,1,1,1.0
132,4,2.2,303.9,448.0,227.60000000000002,1,1,1.0
132,5,24.76,291.8,134.45000000000002,64.42000000000002,1,1,1.0
132,7,301.43,266.43,127.44,53.94999999999999,1,1,1.0
132,6,802.02,212.36,97.30000000000007,76.19999999999999,1,1,1.0
133,1,207.81,247.3,99.61000000000001,48.93000000000001,1,1,1.0
133,4,2.2,303.9,428.1,227.60000000000002,1,1,1.0
133,5,2.83,293.86,143.36999999999998,64.41999999999996,1,1,1.0
133,7,281.55,267.8,138.45,57.379999999999995,1,1,1.0
133,6,795.38,212.8,97.29999999999995,76.19999999999999,1,1,1.0
134,1,207.81,247.3,99.61000000000001,48.93000000000001,1,1,1.0
134,4,2.2,303.9,411.3,227.60000000000002,1,1,1.0
134,5,0.0,293.86,125.63,64.41999999999996,1,1,1.0
134,7,261.67,268.49,138.45,57.379999999999995,1,1,1.0
134,6,788.3,213.24,97.30000000000007,76.19999999999999,1,1,1.0
135,1,207.81,247.3,99.61000000000001,48.93000000000001,1,1,1.0
135,4,2.2,303.9,394.5,227.60000000000002,1,1,1.0
135,5,0.0,293.17,109.87,64.41999999999996,1,1,1.0
135,7,250.02,268.49,138.43999999999997,57.379999999999995,1,1,1.0
135,6,782.54,214.12,97.30000000000007,76.20999999999998,1,1,1.0
136,1,207.81,247.3,99.61000000000001,48.93000000000001,1,1,1.0
136,4,2.2,303.9,374.6,227.60000000000002,1,1,1.0
136,5,0.0,294.54,89.3,64.43,1,1,1.0
136,7,232.88,269.86,138.45,57.379999999999995,1,1,1.0
136,6,774.13,215.45,97.29999999999995,76.19999999999999,1,1,1.0
137,1,207.81,247.3,99.61000000000001,48.93000000000001,1,1,1.0
137,4,2.2,303.9,357.5,227.60000000000002,1,1,1.0
137,5,0.0,295.23,71.48,64.41999999999996,1,1,1.0
137,7,216.42,270.54,138.45000000000002,57.389999999999986,1,1,1.0
137,6,768.82,216.78,97.29999999999995,76.20000000000002,1,1,1.0
138,1,207.81,247.3,99.61000000000001,48.93000000000001,1,1,1.0
138,4,0.0,316.93,351.47,223.07,1,1,1.0
138,5,0.0,295.23,55.7,64.41999999999996,1,1,1.0
138,7,198.6,270.51,141.9,64.96000000000004,1,1,1.0
138,6,761.74,216.34,101.27999999999997,77.92999999999998,1,1,1.0
139,1,207.81,247.3,99.61000000000001,48.93000000000001,1,1,1.0
139,4,0.0,316.93,326.9,223.07,1,1,1.0
139,5,0.0,297.29,41.3,64.41999999999996,1,1,1.0
139,7,181.95,271.31,141.89,64.94999999999999,1,1,1.0
139,6,756.43,217.67,101.2700000000001,77.93000000000004,1,1,1.0
139,8,705.4,488.8,154.09000000000003,51.19999999999999,1,1,1.0
140,1,207.81,247.3,99.61000000000001,48.93000000000001,1,1,1.0
140,4,0.0,316.93,305.8,223.07,1,1,1.0
140,7,166.08,272.1,141.9,64.94999999999999,1,1,1.0
140,6,746.25,216.34,101.26999999999998,77.92999999999998,1,1,1.0
140,8,711.33,484.7,157.06999999999994,55.30000000000001,1,1,1.0
141,1,207.81,247.3,99.61000000000001,48.93000000000001,1,1,1.0
141,4,0.0,316.93,282.0,223.07,1,1,1.0
141,7,141.3,270.27,153.8,72.29000000000002,1,1,1.0
141,6,739.61,216.78,101.27999999999997,77.94000000000003,1,1,1.0
141,8,711.33,479.4,167.16999999999996,60.60000000000002,1,1,1.0
142,1,207.81,247.3,99.61000000000001,48.93000000000001,1,1,1.0
142,4,0.0,316.93,266.4,223.07,1,1,1.0
142,7,127.54,273.02,153.78999999999996,72.29000000000002,1,1,1.0
142,6,733.42,217.67,101.2700000000001,77.93000000000004,1,1,1.0
142,8,730.3,476.4,160.60000000000002,63.60000000000002,1,1,1.0
143,1,207.81,247.3,99.61000000000001,48.93000000000001,1,1,1.0
143,4,0.0,316.93,249.0,223.07,1,1,1.0
143,7,110.1,273.02,153.79999999999998,72.29000000000002,1,1,1.0
143,6,722.35,216.34,106.62,84.53,1,1,1.0
143,8,736.82,467.5,160.5999999999999,72.5,1,1,1.0
144,1,207.81,247.3,99.61000000000001,48.93000000000001,1,1,1.0
144,4,0.0,316.93,223.3,223.07,1,1,1.0
144,7,91.75,273.02,153.79,72.29000000000002,1,1,1.0
144,6,715.71,216.34,106.62,84.53,1,1,1.0
144,8,743.33,468.69,160.5999999999999,71.31,1,1,1.0
145,1,207.81,247.3,99.61000000000001,48.93000000000001,1,1,1.0
145,4,0.0,316.93,196.7,223.07,1,1,1.0
145,7,77.98,273.94,153.8,72.29000000000002,1,1,1.0
145,6,708.63,215.45,106.62,84.54000000000002,1,1,1.0
145,8,755.18,460.4,160.60000000000002,78.42000000000007,1,1,1.0
146,1,207.81,247.3,99.61000000000001,48.93000000000001,1,1,1.0
146,4,0.0,316.93,174.7,223.07,1,1,1.0
146,7,58.71,275.78,153.79999999999998,72.28000000000003,1,1,1.0
146,6,701.11,215.45,106.62,84.54000000000002,1,1,1.0
146,8,763.48,454.5,160.60000000000002,85.5,1,1,1.0
147,1,207.81,247.3,99.61000000000001,48.93000000000001,1,1,1.0
147,4,0.0,316.93,147.2,223.07,1,1,1.0
147,7,39.44,273.94,153.79,72.29000000000002,1,1,1.0
147,6,688.72,212.36,111.89999999999998,89.40999999999997,1,1,1.0
147,8,771.77,453.91,160.60000000000002,85.49999999999994,1,1,1.0
148,1,207.81,247.3,99.61000000000001,48.93000000000001,1,1,1.0
148,4,0.0,316.93,115.1,223.07,1,1,1.0
148,7,22.0,279.45,153.8,72.28000000000003,1,1,1.0
148,6,682.08,213.68,111.89999999999998,89.42000000000002,1,1,1.0
148,8,778.29,449.76,165.89,89.64999999999998,1,1,1.0
149,1,207.81,247.3,99.61000000000001,48.93000000000001,1,1,1.0
149,4,0.0,316.93,94.0,223.07,1,1,1.0
149,7,7.32,279.45,153.79000000000002,72.28000000000003,1,1,1.0
149,6,669.2,214.57,117.69999999999993,92.93,1,1,1.0
149,8,785.4,439.1,165.89,96.75,1,1,1.0
150,1,207.81,247.3,99.61000000000001,48.93000000000001,1,1,1.0
150,4,0.0,316.93,67.4,223.07,1,1,1.0
150,7,0.0,281.28,147.35,72.29000000000002,1,1,1.0
150,6,661.23,214.57,117.69999999999993,92.93,1,1,1.0
150,8,789.55,434.95,165.8900000000001,96.75000000000006,1,1,1.0
151,1,207.81,247.3,99.61000000000001,48.93000000000001,1,1,1.0
151,4,0.0,316.93,44.5,223.07,1,1,1.0
151,7,0.0,281.28,131.75,72.29000000000002,1,1,1.0
151,6,652.38,215.45,117.70000000000005,92.93,1,1,1.0
151,8,792.51,432.58,165.89,96.75000000000006,1,1,1.0
152,1,207.81,247.3,99.61000000000001,48.93000000000001,1,1,1.0
152,7,0.0,284.95,113.39,72.29000000000002,1,1,1.0
152,6,643.97,213.68,117.69999999999993,92.94,1,1,1.0
152,8,796.06,429.03,163.94000000000005,96.75,1,1,1.0
153,1,207.81,247.3,99.61000000000001,48.93000000000001,1,1,1.0
153,7,0.0,287.71,95.04,72.28000000000003,1,1,1.0
153,6,636.45,213.68,117.69999999999993,92.94,1,1,1.0
153,8,800.21,426.06,159.78999999999996,96.76000000000005,1,1,1.0
154,1,207.81,247.3,99.61000000000001,48.93000000000001,1,1,1.0
154,7,0.0,287.71,83.11,72.28000000000003,1,1,1.0
154,6,625.83,213.24,117.68999999999994,92.93,1,1,1.0
154,8,812.65,421.92,147.35000000000002,96.74999999999994,1,1,1.0
155,1,207.81,247.3,99.61000000000001,48.93000000000001,1,1,1.0
155,7,0.0,288.62,65.67,72.29000000000002,1,1,1.0
155,6,615.21,215.01,124.28999999999996,96.88999999999999,1,1,1.0
155,8,824.5,417.18,135.5,96.74999999999994,1,1,1.0
156,1,207.81,247.3,99.61000000000001,48.93000000000001,1,1,1.0
156,7,0.0,289.54,44.56,72.28999999999996,1,1,1.0
156,6,605.47,214.57,124.28999999999996,96.88999999999999,1,1,1.0
156,8,835.76,411.85,124.24000000000001,96.75,1,1,1.0
157,1,207.81,247.3,99.61000000000001,48.93000000000001,1,1,1.0
157,7,0.0,291.38,28.96,72.28000000000003,1,1,1.0
157,6,596.62,213.24,124.28999999999996,96.88999999999999,1,1,1.0
157,8,845.83,406.51,114.16999999999996,96.75999999999999,1,1,1.0
158,1,207.81,247.3,99.61000000000001,48.93000000000001,1,1,1.0
158,6,589.98,217.67,124.28999999999996,96.89000000000001,1,1,1.0
158,8,860.65,400.0,99.35000000000002,96.75,1,1,1.0
159,1,207.81,247.3,99.61000000000001,48.93000000000001,1,1,1.0
159,6,579.36,218.99,124.28999999999996,96.88999999999999,1,1,1.0
159,8,871.31,397.62,88.69000000000005,96.75999999999999,1,1,1.0
160,1,207.81,247.3,99.61000000000001,48.93000000000001,1,1,1.0
160,6,568.73,218.99,124.29999999999995,96.88999999999999,1,1,1.0
160,8,878.42,393.48,81.58000000000004,96.75,1,1,1.0
161,1,207.81,247.3,99.61000000000001,48.93000000000001,1,1,1.0
161,6,560.77,221.21,124.28999999999996,96.89000000000001,1,1,1.0
161,8,886.72,389.92,73.27999999999997,96.75,1,1,1.0
162,1,207.81,247.3,99.61000000000001,48.93000000000001,1,1,1.0
162,6,546.6,230.5,127.39999999999998,81.0,1,1,1.0
162,8,900.96,381.04,59.039999999999964,100.85999999999996,1,1,1.0
163,1,207.81,247.3,99.61000000000001,48.93000000000001,1,1,1.0
163,6,537.75,229.17,127.39999999999998,81.00000000000003,1,1,1.0
163,8,906.29,375.7,53.710000000000036,100.87,1,1,1.0
164,1,207.81,247.3,99.61000000000001,48.93000000000001,1,1,1.0
164,6,525.8,227.4,127.40000000000009,80.99999999999997,1,1,1.0
164,8,916.36,374.52,43.639999999999986,100.86000000000001,1,1,1.0
165,1,207.81,247.3,99.61000000000001,48.93000000000001,1,1,1.0
165,6,516.95,226.96,127.39999999999998,80.99999999999997,1,1,1.0
165,8,921.1,372.15,38.89999999999998,100.86000000000001,1,1,1.0
166,1,207.81,247.3,99.61000000000001,48.93000000000001,1,1,1.0
166,6,508.09,225.63,127.40000000000003,81.0,1,1,1.0
166,8,924.65,369.19,35.35000000000002,100.86000000000001,1,1,1.0
167,1,207.81,247.3,99.61000000000001,48.93000000000001,1,1,1.0
167,6,487.29,226.07,138.90000000000003,86.29000000000002,1,1,1.0
167,8,929.99,364.45,30.00999999999999,100.86000000000001,1,1,1.0
168,1,207.81,247.3,99.61000000000001,48.93000000000001,1,1,1.0
168,6,478.44,228.73,138.90000000000003,86.28999999999999,1,1,1.0
168,8,932.95,361.48,27.049999999999955,100.87,1,1,1.0
169,1,207.81,247.3,99.61000000000001,48.93000000000001,1,1,1.0
169,6,469.15,228.73,138.89,86.28999999999999,1,1,1.0
169,8,945.39,359.11,14.610000000000014,100.87,1,1,1.0
170,1,207.81,247.3,99.61000000000001,48.93000000000001,1,1,1.0
170,6,456.76,227.84,138.89,86.28999999999999,1,1,1.0
170,8,950.72,357.93,9.279999999999973,100.86000000000001,1,1,1.0
171,1,207.81,247.3,99.61000000000001,48.93000000000001,1,1,1.0
171,6,445.69,230.06,138.90000000000003,86.27999999999997,1,1,1.0
172,1,207.81,247.3,99.61000000000001,48.93000000000001,1,1,1.0
172,6,436.4,232.27,138.89,86.28999999999999,1,1,1.0
173,1,207.81,247.3,99.61000000000001,48.93000000000001,1,1,1.0
173,6,422.68,232.71,138.89000000000004,86.28999999999999,1,1,1.0
174,1,207.81,247.3,99.61000000000001,48.93000000000001,1,1,1.0
174,6,412.5,234.04,138.89,86.28999999999999,1,1,1.0
175,1,207.81,247.3,99.61000000000001,48.93000000000001,1,1,1.0
175,6,401.88,234.04,138.89,86.28999999999999,1,1,1.0
176,1,207.81,247.3,99.61000000000001,48.93000000000001,1,1,1.0
176,6,383.3,233.16,148.18,86.28,1,1,1.0
177,1,207.81,247.3,99.61000000000001,48.93000000000001,1,1,1.0
177,6,370.91,234.04,148.18,86.28999999999999,1,1,1.0
178,1,207.81,247.3,99.61000000000001,48.93000000000001,1,1,1.0
178,6,363.83,234.04,148.17000000000002,86.28999999999999,1,1,1.0
179,1,207.81,247.3,99.61000000000001,48.93000000000001,1,1,1.0
179,6,349.67,234.04,148.16999999999996,86.28999999999999,1,1,1.0
180,1,207.81,247.3,99.61000000000001,48.93000000000001,1,1,1.0
180,6,341.7,236.25,148.18,86.29000000000002,1,1,1.0
181,1,207.81,247.3,99.61000000000001,48.93000000000001,1,1,1.0
181,6,328.86,235.81,148.18,86.29000000000002,1,1,1.0
182,1,207.81,247.3,99.61000000000001,48.93000000000001,1,1,1.0
182,6,318.24,236.25,148.18,86.29000000000002,1,1,1.0
183,1,207.81,247.3,99.61000000000001,48.93000000000001,1,1,1.0
183,6,304.08,236.7,148.18,86.28000000000003,1,1,1.0
184,1,207.81,247.3,99.61000000000001,48.93000000000001,1,1,1.0
184,6,294.79,239.35,148.16999999999996,86.28999999999999,1,1,1.0
185,1,207.81,247.3,99.61000000000001,48.93000000000001,1,1,1.0
185,6,285.49,240.24,148.18,86.27999999999997,1,1,1.0
186,1,207.81,247.3,99.61000000000001,48.93000000000001,1,1,1.0
186,6,276.64,240.24,148.18,86.27999999999997,1,1,1.0
187,1,207.81,247.3,99.61000000000001,48.93000000000001,1,1,1.0
187,6,260.26,238.06,153.95,90.23000000000002,1,1,1.0
188,1,207.81,247.3,99.61000000000001,48.93000000000001,1,1,1.0
188,6,250.08,239.38,153.96,90.24000000000001,1,1,1.0
189,1,207.81,247.3,99.61000000000001,48.93000000000001,1,1,1.0
189,6,237.69,240.27,153.95,90.22999999999999,1,1,1.0
190,1,207.81,247.3,99.61000000000001,48.93000000000001,1,1,1.0
190,6,224.42,242.93,153.95000000000002,90.23000000000002,1,1,1.0
